IMG_X=1820
IMG_Y=1820
PIXSCALE=18.2954152659
DB_REDUNDANCY=1
DOUBLE_STAR_PX=3.5
REQUIRED_STARS=5
MAX_FALSE_STARS=2
BASE_FLUX=4366.075677099908
THRESH_FACTOR=5
IMAGE_VARIANCE=2.133038068718936
POS_ERR_SIGMA=2
POS_VARIANCE=0.27156140879287116
APERTURE=20.7
EXPOSURE_TIME=2
